2013 9,219 55.0 133,163 59.2 27.8 14.4 80.8 2,944 41.1

2012 4,281 32.8 38,551 40.8 24.0 9.0 52.3 3,358 29.0

2011 11,144 59.2 147,403 49.9 27.0 13.2 77.4 11,093 39.8

2010 551 39.8 9,967 43.7 30.0 18.1 59.1 8,489 41.9

2009 1,258 78.6 11,909 89.0 23.9 9.5 118.8 1,460 87.1

2008 4,358 61.6 43,168 64.2 24.3 9.9 89.0 16,611 58.3

2007 4,715 46.6 40,752 47.8 24.8 8.6 66.8 3,102 44.6

2006 725 102.2 6,634 102.2 24.6 9.1 144.6 1,863 52.3

2005 1,475 72.2 8,654 65.9 22.4 5.9 97.8 18,617 95.1

2004 7,503 55.7 64,458 61.0 23.5 8.6 82.6 13,533 40.2

2003 2,174 55.1 6,697 47.8 16.6 3.1 8.6 10,000 26.6

2002 5,875 58.9 18,393 58.1 18.9 3.1 5.8 7,986 28.4

2001 4,325 47.0 11,798 47.4 17.8 2.7 10.4 2,929 34.7

2000 2,697 56.5 18,238 73.0 24.8 6.8 18.4 6,663 44.8

1999 4,159 45.8 28,316 56.2 21.5 7.4 20.1 2,106 30.4

1998 6,597 33.7 42,108 41.2 20.1 6.4 6.5 5,621 26.6

1997 9,851 26.3 66,709 24.1 21.1 7.0 6.2 10,929 30.9

1996 1,226 44.4 2,816 54.2 19.9 4.2 8.3 6,910 29.6

1995 4,380 54.9 14,023 59.0 18.7 3.3 7.7 2,065 31.5

1994 6,285 20.5 12,551 10.9 15.1 2.0 4.9 17,595 35.0 